111000000
101000111
101000000
111011110
000000111
011001111
111011111
000000111
011010111
111000000
101011111
111000001
101100111
101000000
010010100
010111111
101100111
111000101
001100111
010111111
101101111
010011011
010101111
101011111
111000010
101100111
010010100
010111111
101100111
111000001
001100111
101100111
111001111
101101111
111000101
001101111
010111111
101101111
111000111
010111111
010101111
010100111
010111111
101100111
111000100
001100111
101100111
010100100
101101111
010011011
010101111
101011111
111000100
101100111
010100010
010111111
101100111
111000010
001100111
101100111
111111111
010100111
010111111
101100111
111000011
001100111
010111111
101101111
010011011
010101111
101011111
111010000
101100111
010100010
010111111
101100111
111000100
001100111
101100111
111001111
010111100
010111111
101100111
111000010
001100111
010111111
101101111
010011011
010101111
101011111
111000001
101100111
010001100
010111111
101100111
111000001
001100111
010111111
101101111
010011011
010101111
101011111
111011111
101101111
111000101
001101111
010111111
101101111
111000110
010111111
010101111
101100111
010100010
010111111
101100111
010100001
101101111
010100101
101101111
010100001
010111001
010111101
101100110
111000101
001100111
101100111
010100011
101101111
010100101
101101111
010100011
010111011
010111101
101011111
111010101
101101111
111000101
001101111
010111111
101101111
111000010
010111111
010101111
101100111
010100001
010111111
101100111
111010101
101101111
111000101
001101111
010111111
101101111
111000000
010111111
010101111
010111010
010111111
101001111
010001100
101101111
010001101
101101111
010001100
010111100
010111101
101100110
111000100
001100111
101100111
010100011
101101111
010100101
101101111
010100011
010111011
010111101
101100111
111010000
010111100
010111111
101100111
111011101
101101111
111000101
001101111
010111111
101101111
111000111
010111111
010101111
010111011
010111111
101011111
010100100
101101111
010011011
010101111
101011111
111011110
000000111
011001111
111011001
101101111
111000101
001101111
010111111
101101111
111000100
010111111
010101111
101100111
010100001
010111111
101100111
111011001
101101111
111000101
001101111
010111111
101101111
111000000
010111111
010101111
010111010
010111111
101001111
010001100
101101111
010001101
101101111
010001100
010111100
010111101
101100110
111000011
001100111
101100111
010100011
101101111
010100101
101101111
010100011
010111011
010111101
101100111
111100000
010111100
010111111
101100111
111011011
101101111
111000101
001101111
010111111
101101111
111000111
010111111
010101111
010011111
010111111
101011111
010011011
101101111
010100100
010101111
101011111
111011110
000000111
011001111
111001111
101100111
111000100
001001111
010111100
010111111
101100111
111011100
101101111
111000101
001101111
010111111
101101111
111000000
010111111
010101111
010111010
010111111
101001111
010001100
101101111
010001101
101101111
010001100
010111100
010111101
101100110
111000010
001100111
101100111
010100011
101101111
010100101
101101111
010100011
010111011
010111101
101100111
111001000
101101111
111000101
001101111
010111111
101101111
111000000
010111111
010101111
010111100
010111111
101100111
111010111
101101111
111000101
001101111
010111111
101101111
111000111
010111111
010101111
010011111
010111111
101011111
010011011
101101111
010100100
010101111
101011111
111011110
000000111
011001111
111001111
101101111
111000101
001101111
010111111
101101111
111000111
010111111
010101111
101100111
111000001
001001111
101001111
010001100
010111111
101100110
111000001
001100111
101100111
010100011
101101111
010100101
101101111
010100011
010111011
010111101
101100111
111010000
101101111
111000101
001101111
010111111
101101111
111000000
010111111
010101111
010111100
010111111
101100111
111001111
101101111
111000101
001101111
010111111
101101111
111000111
010111111
010101111
010011111
010111111
101011111
010011011
101101111
010100100
010101111
101011111
111011110
000000111
011001111
111011111
101100111
111000011
001010111
010111100
010111111
101100111
111000001
010100111
010111111
101001111
111001111
101100111
111000100
001010111
010111100
010111111
101100111
111001110
010100111
010111111
010111111
101101111
010001001
010101111
101010111
111011110
000000111
011001111
111011111
101101111
111000101
001101111
010111111
101101111
111000000
010111111
010101111
101100111
111000101
001001111
010111100
010111111
101100111
111011110
101101111
111000101
001101111
010111111
101101111
111000000
010111111
010101111
010111100
010111111
010111111
101101111
010010010
010101111
101010111
111000111
101100111
111000101
001001111
010111100
010111111
101001111
111000000
101100111
111000000
110100011
101000000
111000011
001011111
101100111
111000001
010100111
010111111
101100111
111000000
101101111
111000001
110100101
111000000
101100111
111000111
001011111
101001111
111000001
010001111
010111111
101001111
111000001
101010111
111000010
110001010
111001000
000100111
101100111
101000000
111000110
001011111
101001111
111000001
010001111
010111111
101001111
111000001
101010111
111000011
110001010
111000100
000100111
101100111
101000000
111000101
001011111
101001111
111000001
010001111
010111111
101001111
111000001
101010111
111000100
110001010
111000010
000100111
101100111
101000000
111000100
001011111
101001111
111000001
010001111
010111111
101001111
111000001
101010111
111000101
110001010
111000001
000100111
101100111
101000000
011001000
111000001
101010111
000000010
011010111
111011111
101101111
111000101
001101111
010111111
101101111
111000000
010111111
010101111
010111100
010111111
101011111
111000000
101101111
111000110
110101011
101000000
010100100
111000001
101100111
000111100
101100111
111001000
101011111
000011100
101011111
111000001
001111011
101100111
010010100
101101111
010010101
101101111
010010100
010111100
010111101
101010111
111000000
101011111
111000001
101100111
111000111
110011100
101000000
111011110
101101111
111000101
001101111
010111111
101101111
111000000
010111111
010101111
101011111
000011100
101011111
111000001
001111011
101100111
010001100
101101111
010001101
101101111
010001100
010111100
010111101
101001111
101000000
111000000
101100111
111000011
001010111
101100111
111011111
010100111
010111111
101100111
111000001
010111100
010111111
101100111
111000100
001010111
101010111
111001111
010010111
010111111
101010111
111001111
010010111
010111111
010111111
101101111
010100100
010101111
101100111
111000101
001001111
101010111
111011111
101101111
111000101
001101111
010111111
101101111
111000000
010111111
010101111
010010111
010111111
101010111
111011110
101101111
111000101
001101111
010111111
101101111
111000000
010111111
010101111
010010111
010111111
010111111
101101111
010100100
010101111
101100111
111000000
101001111
111000101
001001111
101011111
111000111
010011111
010111111
101001111
100001000
111000001
000000111
100100111
111100000
101100111
111000001
101011111
000000011
101000111
111001000
110000100
101000000
100010000
111000001
101100111
000000100
100001111
111100000
101100111
111000001
101011111
000000011
101000111
111001001
110000100
101000000
111010000
101101111
111000101
001101111
010111111
101101111
111000000
010111111
010101111
101100111
111000001
000000111
100100111
111100000
101100111
111000001
101011111
000000011
101000111
111001010
110000100