111000000
101000111
111100001
100000111
111100010
100000111
111100011
100000111
101000000
111100000
011001111
011010000
111000000
101011111
111011111
101101111
111000101
001101111
010111111
101101111
111000000
010111111
010101111
101100111
010010100
010111111
101010111
111001000
110010001
111000001
000011111
101011111
101000000
011010000
111000001
001100111
101100111
010010100
010111111
101010111
111000111
001010111
101010111
111001001
110010001
111000001
000011111
101011111
101000000
011010000
111000001
001100111
101100111
010010100
010111111
101010111
111000110
001010111
101010111
111001010
110010001
111000001
000011111
101011111
101000000
011010000
111000001
001100111
101100111
010010100
010111111
101010111
111000101
001010111
101010111
111001011
110010001
111000001
000011111
101011111
101000000
111000000
101010111
111001100
110011010
111000001
000010111
101010111
111001101
110011010
101000000
111100010
011010111
111000001
000010111
101010111
111100010
100010111
101000000
111100001
011100111
000100011
101100111
111100001
100100111
111100011
011100111
000100011
101100111
111100011
100100111
111011111
101011111
111001110
110000011
111100001
101011111
111001111
110000011
101000000
011010000
111000011
001001111
101001111
111000001
000000111
011011111
111001111
010010111
010111111
101010111
111000111
001010111
101010111
111000111
001011111
101100111
111000001
010100111
010111111
010111111
101101111
010010010
010101111
101100111
011010000
111010000
110100001
111100011
011100111
111000001
000100111
101100111
111100011
100100111
101000000
111000001
000000111
011011111
111000111
010010111
010111111
101010111
111000110
001010111
101010111
111000110
001011111
101100111
111000011
010100111
010111111
010111111
101101111
010010010
010101111
101100111
011010000
111010001
110100001
111100011
011100111
111000001
000100111
101100111
111100011
100100111
101000000
111000001
000000111
011011111
111000011
010010111
010111111
101010111
111000101
001010111
101010111
111000101
001011111
101100111
111000111
010100111
010111111
010111111
101101111
010010010
010101111
101100111
011010000
111010010
110100001
111100011
011100111
111000001
000100111
101100111
111100011
100100111
101000000
111000001
000000111
011011111
111000001
010010111
010111111
101010111
111000100
001010111
101010111
111000100
001011111
101100111
111001111
010100111
010111111
010111111
101101111
010010010
010101111
101100111
011010000
111010011
110100001
111100011
011100111
111000001
000100111
101100111
111100011
100100111
101000000
111000001
000000111
101000111
111100000
101010111
111010100
110000010